==========================================================================================
Information: 
Exchange parameters generated by TB2J 0.8.2.1
Generation time: 24/03/13 17:34:00
 Input from collinear Wannier90 data.
 Tight binding data from ./. 
 Prefix of wannier function files:iron_up and iron_dn.
Warning: Please check if the noise level of Wannier function Hamiltonian to make sure it is much smaller than the exchange values.

==========================================================================================
Cell (Angstrom):
1.43499630  1.43499630  1.43499630
-1.43499630  1.43499630  1.43499630
-1.43499630  -1.43499630  1.43499630

==========================================================================================
Atoms:  
(Note: charge and magmoms only count the wannier functions.)
Atom number        x             y             z       w_charge  w_magmom 
Fe1             0.00000000    0.00000000    0.00000000    8.1074   -2.1914
Total                                                     8.1074   -2.1914

==========================================================================================
Orbitals used in decomposition: 
The name of the orbitals for the decomposition: 
Fe1 : ['orb_1', 'orb_2', 'orb_3', 'orb_4', 'orb_5', 'orb_6', 'orb_7', 'orb_8', 'orb_9']

==========================================================================================
Exchange: 
    i      j          R        J_iso(meV)          vector          distance(A) 
----------------------------------------------------------------------------------------
   Fe1   Fe1   ( -1,   0,   0) 49.8070   (-1.435, -1.435, -1.435)  2.485 
J_iso: 49.8070 
Orbital contributions:
 isotropic J:
 [[ -6.546   7.518  11.982  -2.901   3.53   -1.672   7.593   2.912  -3.984]
 [  7.176 -13.016  -0.79    0.974  16.882   2.758   1.677   1.901   6.019]
 [ 17.021  -0.701 -12.918   0.96    7.298   2.711   6.098   1.918   1.682]
 [  2.143  -1.251  -1.205   0.733   2.266  -1.267  -0.534  -0.219  -0.559]
 [  3.766  11.873   7.383  -2.862  -6.621  -1.564  -3.982   2.87    7.688]
 [  2.335  -1.949  -1.914   2.074   2.249   0.866  -2.553   3.082  -2.544]
 [ -4.994  -1.872  -6.93   -0.327   2.853  -2.555   0.734   0.047  -2.476]
 [ -2.026  -0.287  -0.262  -0.438  -2.1     0.193  -0.618   0.605  -0.616]
 [  2.843  -6.834  -1.895  -0.333  -5.028  -2.542  -2.475   0.037   0.721]] 
----------------------------------------------------------------------------------------
   Fe1   Fe1   ( -1,   1,  -1) 50.2880   (-1.435,  1.435, -1.435)  2.485 
J_iso: 50.2880 
Orbital contributions:
 isotropic J:
 [[ -6.471   7.512  12.127   2.945   3.355  -1.728   7.674  -2.946  -4.008]
 [  7.299 -13.079  -0.577   1.859  16.854   2.726   1.719   1.011   5.928]
 [ 17.326  -0.716 -12.623   1.937   7.273   2.725   5.992   0.944   1.738]
 [ -2.087  -0.304  -0.264   0.612  -2.056   0.165  -0.624  -0.441  -0.631]
 [  2.935  11.882   7.527   2.831  -6.547  -1.748  -4.049  -2.822   7.659]
 [  2.396  -1.928  -1.932   3.13    2.451   0.68   -2.507   2.111  -2.493]
 [ -5.054  -1.91   -6.857   0.064   2.907  -2.508   0.783  -0.322  -2.575]
 [  2.241  -1.225  -1.216  -0.209   2.27   -1.199  -0.546   0.722  -0.557]
 [  2.917  -6.775  -1.923   0.068  -5.035  -2.493  -2.575  -0.305   0.857]] 
----------------------------------------------------------------------------------------
   Fe1   Fe1   (  0,  -1,   0) -3.1058   ( 1.435, -1.435, -1.435)  2.485 
J_iso: -3.1058 
Orbital contributions:
 isotropic J:
 [[ -9.606   2.197  14.825  -0.322  -8.154  -1.879  -4.996   0.642  -2.835]
 [  1.308 -13.695  -6.361   0.776  19.526   3.079   2.47    1.985   6.179]
 [ 12.54   -5.92  -12.072   4.04    4.798   4.538  -8.351   2.327   2.062]
 [  1.109  -0.362  -0.09    0.009   0.53   -0.717   0.233   0.307  -0.665]
 [ -6.664  10.104   4.3    -1.278 -15.742  -1.585  -3.096   1.905   8.245]
 [  1.857  -1.895  -3.392   1.649   2.514   0.817  -2.542   2.574  -2.503]
 [  6.501  -1.301   3.625   0.307   3.149  -2.544   0.815   0.402  -2.525]
 [  0.491   0.536   0.834  -0.015  -0.068   0.347   0.073  -0.118  -0.255]
 [  1.819  -7.307  -2.727  -0.318  -5.604  -2.503  -2.523   0.392   0.689]] 
----------------------------------------------------------------------------------------
   Fe1   Fe1   (  0,   0,  -1) -3.1306   ( 1.435,  1.435, -1.435)  2.485 
J_iso: -3.1306 
Orbital contributions:
 isotropic J:
 [[ -9.685   2.26   14.835   0.631  -8.099  -1.794  -5.028  -0.319  -2.869]
 [  1.247 -13.735  -6.35    2.007  19.489   3.112   2.416   0.766   6.087]
 [ 12.534  -5.806 -11.999   2.301   4.564   4.394  -8.309   4.033   2.169]
 [  0.501   0.507   0.786  -0.107  -0.079   0.315   0.076  -0.023  -0.261]
 [ -6.677  10.089   4.429   1.918 -15.763  -1.928  -3.046  -1.289   8.231]
 [  1.789  -1.943  -3.209   2.578   2.833   0.731  -2.496   1.657  -2.552]
 [  6.544  -1.277   3.571   0.418   3.097  -2.497   0.763   0.318  -2.522]
 [  1.115  -0.388  -0.055   0.307   0.575  -0.686   0.236   0.007  -0.672]
 [  1.858  -7.245  -2.773   0.407  -5.593  -2.554  -2.525  -0.304   0.827]] 
----------------------------------------------------------------------------------------
   Fe1   Fe1   (  0,   0,   1) -3.1306   (-1.435, -1.435,  1.435)  2.485 
J_iso: -3.1306 
Orbital contributions:
 isotropic J:
 [[ -9.685   1.247  12.534   0.501  -6.677   1.789   6.544   1.115   1.858]
 [  2.26  -13.735  -5.806   0.507  10.089  -1.943  -1.277  -0.388  -7.245]
 [ 14.835  -6.35  -11.999   0.786   4.429  -3.209   3.571  -0.055  -2.773]
 [  0.631   2.007   2.301  -0.107   1.918   2.578   0.418   0.307   0.407]
 [ -8.099  19.489   4.564  -0.079 -15.763   2.833   3.097   0.575  -5.593]
 [ -1.794   3.112   4.394   0.315  -1.928   0.731  -2.497  -0.686  -2.554]
 [ -5.028   2.416  -8.309   0.076  -3.046  -2.496   0.763   0.236  -2.525]
 [ -0.319   0.766   4.033  -0.023  -1.289   1.657   0.318   0.007  -0.304]
 [ -2.869   6.087   2.169  -0.261   8.231  -2.552  -2.522  -0.672   0.827]] 
----------------------------------------------------------------------------------------
   Fe1   Fe1   (  0,   1,   0) -3.1058   (-1.435,  1.435,  1.435)  2.485 
J_iso: -3.1058 
Orbital contributions:
 isotropic J:
 [[ -9.606   1.308  12.54    1.109  -6.664   1.857   6.501   0.491   1.819]
 [  2.197 -13.695  -5.92   -0.362  10.104  -1.895  -1.301   0.536  -7.307]
 [ 14.825  -6.361 -12.072  -0.09    4.3    -3.392   3.625   0.834  -2.727]
 [ -0.322   0.776   4.04    0.009  -1.278   1.649   0.307  -0.015  -0.318]
 [ -8.154  19.526   4.798   0.53  -15.742   2.514   3.149  -0.068  -5.604]
 [ -1.879   3.079   4.538  -0.717  -1.585   0.817  -2.544   0.347  -2.503]
 [ -4.996   2.47   -8.351   0.233  -3.096  -2.542   0.815   0.073  -2.523]
 [  0.642   1.985   2.327   0.307   1.905   2.574   0.402  -0.118   0.392]
 [ -2.835   6.179   2.062  -0.665   8.245  -2.503  -2.525  -0.255   0.689]] 
----------------------------------------------------------------------------------------
   Fe1   Fe1   (  1,  -1,   1) 50.2880   ( 1.435, -1.435,  1.435)  2.485 
J_iso: 50.2880 
Orbital contributions:
 isotropic J:
 [[ -6.471   7.299  17.326  -2.087   2.935   2.396  -5.054   2.241   2.917]
 [  7.512 -13.079  -0.716  -0.304  11.882  -1.928  -1.91   -1.225  -6.775]
 [ 12.127  -0.577 -12.623  -0.264   7.527  -1.932  -6.857  -1.216  -1.923]
 [  2.945   1.859   1.937   0.612   2.831   3.13    0.064  -0.209   0.068]
 [  3.355  16.854   7.273  -2.056  -6.547   2.451   2.907   2.27   -5.035]
 [ -1.728   2.726   2.725   0.165  -1.748   0.68   -2.508  -1.199  -2.493]
 [  7.674   1.719   5.992  -0.624  -4.049  -2.507   0.783  -0.546  -2.575]
 [ -2.946   1.011   0.944  -0.441  -2.822   2.111  -0.322   0.722  -0.305]
 [ -4.008   5.928   1.738  -0.631   7.659  -2.493  -2.575  -0.557   0.857]] 
----------------------------------------------------------------------------------------
   Fe1   Fe1   (  1,   0,   0) 49.8070   ( 1.435,  1.435,  1.435)  2.485 
J_iso: 49.8070 
Orbital contributions:
 isotropic J:
 [[ -6.546   7.176  17.021   2.143   3.766   2.335  -4.994  -2.026   2.843]
 [  7.518 -13.016  -0.701  -1.251  11.873  -1.949  -1.872  -0.287  -6.834]
 [ 11.982  -0.79  -12.918  -1.205   7.383  -1.914  -6.93   -0.262  -1.895]
 [ -2.901   0.974   0.96    0.733  -2.862   2.074  -0.327  -0.438  -0.333]
 [  3.53   16.882   7.298   2.266  -6.621   2.249   2.853  -2.1    -5.028]
 [ -1.672   2.758   2.711  -1.267  -1.564   0.866  -2.555   0.193  -2.542]
 [  7.593   1.677   6.098  -0.534  -3.982  -2.553   0.734  -0.618  -2.475]
 [  2.912   1.901   1.918  -0.219   2.87    3.082   0.047   0.605   0.037]
 [ -3.984   6.019   1.682  -0.559   7.688  -2.544  -2.476  -0.616   0.721]] 
----------------------------------------------------------------------------------------
   Fe1   Fe1   ( -1,   0,  -1) 193.4054   ( 0.000,  0.000, -2.870)  2.870 
J_iso: 193.4054 
Orbital contributions:
 isotropic J:
 [[ -0.884  -1.961  -0.937   0.64    0.606   0.556  -0.      0.638  -0.   ]
 [ -5.95   22.348   5.315  -2.224   7.226  -0.      0.     -2.313   0.   ]
 [ -0.579   2.376  -1.53   -0.618  -0.393  -0.558   0.     -0.621   0.   ]
 [  0.117   1.038  -0.464  -0.264  -1.951  -0.     -0.015  -0.25   -0.   ]
 [  4.183   2.003  -3.254   2.243 167.457  -0.     -0.      2.296  -0.   ]
 [ -0.45   -0.002   0.453   0.      0.002   3.634  -0.     -0.001   0.   ]
 [  0.     -0.     -0.     -0.016   0.     -0.      3.64   -0.017   0.   ]
 [  0.11    1.026  -0.471  -0.244  -2.025   0.     -0.018  -0.269   0.   ]
 [  0.      0.     -0.     -0.     -0.      0.      0.      0.     -6.225]] 
----------------------------------------------------------------------------------------
   Fe1   Fe1   ( -1,   1,   0) 193.6537   (-2.870,  0.000,  0.000)  2.870 
J_iso: 193.6537 
Orbital contributions:
 isotropic J:
 [[167.018  -3.188   1.875   2.229   4.254   0.      0.      2.251   0.   ]
 [ -0.362  -1.342   2.403  -0.62   -0.409  -0.54   -0.     -0.617   0.   ]
 [  7.123   5.341  22.204  -2.261  -5.909   0.     -0.     -2.266   0.   ]
 [ -2.056  -0.448   1.014  -0.264   0.123   0.      0.     -0.249  -0.013]
 [  0.671  -0.767  -1.932   0.64   -0.692   0.546   0.      0.641  -0.   ]
 [  0.      0.452  -0.     -0.     -0.457   3.632  -0.      0.      0.   ]
 [ -0.      0.      0.      0.     -0.     -0.     -6.216  -0.      0.   ]
 [ -1.938  -0.447   1.027  -0.239   0.126  -0.     -0.     -0.271  -0.017]
 [ -0.     -0.      0.     -0.015   0.     -0.      0.     -0.015   3.632]] 
----------------------------------------------------------------------------------------
   Fe1   Fe1   (  0,  -1,   1) -3.2342   ( 0.000, -2.870,  0.000)  2.870 
J_iso: -3.2342 
Orbital contributions:
 isotropic J:
 [[-1.014  0.145 -0.787  0.433 -1.208 -0.    -0.     0.138  0.561]
 [ 1.089 -1.241  0.109 -0.652 -0.575 -0.    -0.548  1.434 -0.   ]
 [-0.563  0.133 -1.214 -0.668  1.126  0.     0.     1.439 -0.561]
 [ 0.155  0.1    0.105  0.446  0.137  0.     0.    -1.168 -0.   ]
 [-1.244 -0.8    0.123  0.453 -1.017  0.     0.545  0.112  0.   ]
 [-0.     0.    -0.    -0.    -0.    -6.223 -0.     0.     0.   ]
 [ 0.003  0.46  -0.003 -0.    -0.458 -0.     3.642  0.     0.   ]
 [ 0.158 -0.758 -0.734  0.529  0.151 -0.    -0.     0.844  0.   ]
 [-0.458 -0.001  0.458 -0.001  0.001  0.     0.     0.001  3.629]] 
----------------------------------------------------------------------------------------
   Fe1   Fe1   (  0,   1,  -1) -3.2342   ( 0.000,  2.870,  0.000)  2.870 
J_iso: -3.2342 
Orbital contributions:
 isotropic J:
 [[-1.014  1.089 -0.563  0.155 -1.244 -0.     0.003  0.158 -0.458]
 [ 0.145 -1.241  0.133  0.1   -0.8    0.     0.46  -0.758 -0.001]
 [-0.787  0.109 -1.214  0.105  0.123 -0.    -0.003 -0.734  0.458]
 [ 0.433 -0.652 -0.668  0.446  0.453 -0.    -0.     0.529 -0.001]
 [-1.208 -0.575  1.126  0.137 -1.017 -0.    -0.458  0.151  0.001]
 [-0.    -0.     0.     0.     0.    -6.223 -0.    -0.     0.   ]
 [-0.    -0.548  0.     0.     0.545 -0.     3.642 -0.     0.   ]
 [ 0.138  1.434  1.439 -1.168  0.112  0.     0.     0.844  0.001]
 [ 0.561 -0.    -0.561 -0.     0.     0.     0.     0.     3.629]] 
----------------------------------------------------------------------------------------
   Fe1   Fe1   (  1,  -1,   0) 193.6537   ( 2.870,  0.000,  0.000)  2.870 
J_iso: 193.6537 
Orbital contributions:
 isotropic J:
 [[167.018  -0.362   7.123  -2.056   0.671   0.     -0.     -1.938  -0.   ]
 [ -3.188  -1.342   5.341  -0.448  -0.767   0.452   0.     -0.447  -0.   ]
 [  1.875   2.403  22.204   1.014  -1.932  -0.      0.      1.027   0.   ]
 [  2.229  -0.62   -2.261  -0.264   0.64   -0.      0.     -0.239  -0.015]
 [  4.254  -0.409  -5.909   0.123  -0.692  -0.457  -0.      0.126   0.   ]
 [  0.     -0.54    0.      0.      0.546   3.632  -0.     -0.     -0.   ]
 [  0.     -0.     -0.      0.      0.     -0.     -6.216  -0.      0.   ]
 [  2.251  -0.617  -2.266  -0.249   0.641   0.     -0.     -0.271  -0.015]
 [  0.      0.      0.     -0.013  -0.      0.      0.     -0.017   3.632]] 
----------------------------------------------------------------------------------------
   Fe1   Fe1   (  1,   0,   1) 193.4054   ( 0.000,  0.000,  2.870)  2.870 
J_iso: 193.4054 
Orbital contributions:
 isotropic J:
 [[ -0.884  -5.95   -0.579   0.117   4.183  -0.45    0.      0.11    0.   ]
 [ -1.961  22.348   2.376   1.038   2.003  -0.002  -0.      1.026   0.   ]
 [ -0.937   5.315  -1.53   -0.464  -3.254   0.453  -0.     -0.471  -0.   ]
 [  0.64   -2.224  -0.618  -0.264   2.243   0.     -0.016  -0.244  -0.   ]
 [  0.606   7.226  -0.393  -1.951 167.457   0.002   0.     -2.025  -0.   ]
 [  0.556  -0.     -0.558  -0.     -0.      3.634  -0.      0.      0.   ]
 [ -0.      0.      0.     -0.015  -0.     -0.      3.64   -0.018   0.   ]
 [  0.638  -2.313  -0.621  -0.25    2.296  -0.001  -0.017  -0.269   0.   ]
 [ -0.      0.      0.     -0.     -0.      0.      0.      0.     -6.225]] 
----------------------------------------------------------------------------------------
   Fe1   Fe1   ( -2,   1,  -1) -7.1959   (-2.870,  0.000, -2.870)  4.059 
J_iso: -7.1959 
Orbital contributions:
 isotropic J:
 [[ 0.367 -0.223 -0.359  0.046 -4.491 -0.9   -0.     0.044  0.   ]
 [-0.256 -0.147 -1.627  0.071 -0.013  0.156 -0.     0.074 -0.   ]
 [-0.06  -1.627 -0.139  0.069 -0.269  0.136  0.     0.078  0.   ]
 [ 0.281 -0.002 -0.001 -0.055  0.29   0.202 -0.017 -0.066 -0.015]
 [-4.436 -0.274 -0.212  0.053  0.479 -0.886 -0.     0.036  0.   ]
 [ 0.956 -0.189 -0.171  0.148  0.942  4.437  0.     0.154 -0.   ]
 [ 0.     0.    -0.    -0.015  0.     0.    -0.048 -0.016 -0.122]
 [ 0.271 -0.    -0.004 -0.062  0.295  0.203 -0.015 -0.057 -0.017]
 [-0.    -0.    -0.    -0.016 -0.    -0.    -0.124 -0.016 -0.035]] 
----------------------------------------------------------------------------------------
   Fe1   Fe1   ( -1,  -1,   0)  9.2512   ( 0.000, -2.870, -2.870)  4.059 
J_iso:  9.2512 
Orbital contributions:
 isotropic J:
 [[ 2.492 -0.107 -1.822  0.299  0.243  0.57  -0.58   0.261  0.549]
 [-0.26   0.039 -0.098  0.312 -0.304 -0.    -0.056 -0.174  0.   ]
 [-1.407  0.553  3.344  0.088 -0.228 -0.568  0.641 -0.07  -0.553]
 [ 0.126  0.079  0.269  0.019  0.849 -0.001  0.288 -0.193  0.   ]
 [ 0.024 -0.197  0.668  0.142  0.165 -0.    -1.118  0.053  0.001]
 [-0.466 -0.001  0.465  0.001  0.001 -0.03   0.    -0.001 -0.115]
 [ 0.787 -0.118 -0.857  0.018  1.069  0.     4.433 -0.099  0.   ]
 [-0.046 -0.084 -0.152  0.023  0.135 -0.     0.147 -0.036  0.   ]
 [-0.448  0.     0.451 -0.001 -0.    -0.114  0.     0.001 -0.052]] 
----------------------------------------------------------------------------------------
   Fe1   Fe1   ( -1,   0,   1)  8.3052   (-2.870, -2.870,  0.000)  4.059 
J_iso:  8.3052 
Orbital contributions:
 isotropic J:
 [[-0.105  0.682 -0.399  0.115  0.04   0.    -0.001  0.072 -1.118]
 [-0.241  3.424  0.555  0.076 -1.615 -0.559 -0.545 -0.059  0.623]
 [-0.386 -0.103  0.039  0.292 -0.259  0.    -0.    -0.151 -0.058]
 [ 0.814  0.285  0.025  0.016  0.149  0.001 -0.    -0.188  0.29 ]
 [ 0.228 -2.027 -0.101  0.293  2.578  0.546  0.549  0.266 -0.601]
 [-0.     0.464  0.     0.001 -0.453 -0.042 -0.121 -0.001 -0.   ]
 [ 0.001  0.454 -0.    -0.    -0.457 -0.121 -0.04   0.    -0.   ]
 [ 0.084 -0.143 -0.11   0.019 -0.045  0.    -0.    -0.031  0.146]
 [ 1.059 -0.836 -0.126  0.019  0.808 -0.    -0.    -0.098  4.437]] 
----------------------------------------------------------------------------------------
   Fe1   Fe1   ( -1,   1,  -2)  9.2895   ( 0.000,  2.870, -2.870)  4.059 
J_iso:  9.2895 
Orbital contributions:
 isotropic J:
 [[ 2.542 -0.111 -1.89   0.263  0.276  0.562 -0.572  0.298  0.563]
 [-0.252  0.046 -0.103 -0.153 -0.302  0.    -0.064  0.291  0.001]
 [-1.479  0.558  3.386 -0.076 -0.21  -0.56   0.651  0.094 -0.564]
 [-0.044 -0.084 -0.141 -0.031  0.125  0.     0.146  0.018  0.   ]
 [ 0.083 -0.209  0.703  0.071  0.173  0.    -1.124  0.118  0.001]
 [-0.463 -0.     0.459 -0.001  0.    -0.052 -0.     0.    -0.122]
 [ 0.778 -0.117 -0.865 -0.098  1.068 -0.     4.435  0.018 -0.   ]
 [ 0.127  0.069  0.259 -0.184  0.83   0.     0.286  0.012  0.   ]
 [-0.465  0.     0.466  0.    -0.    -0.119 -0.    -0.    -0.03 ]] 
----------------------------------------------------------------------------------------
   Fe1   Fe1   ( -1,   2,  -1)  8.4714   (-2.870,  2.870,  0.000)  4.059 
J_iso:  8.4714 
Orbital contributions:
 isotropic J:
 [[-0.062  0.695 -0.36   0.069  0.068 -0.    -0.001  0.121 -1.126]
 [-0.211  3.399  0.56  -0.083 -1.611 -0.53  -0.567  0.103  0.667]
 [-0.376 -0.105  0.034 -0.155 -0.254 -0.    -0.     0.297 -0.061]
 [ 0.091 -0.15  -0.11  -0.029 -0.047 -0.    -0.     0.016  0.145]
 [ 0.275 -2.021 -0.106  0.259  2.547  0.541  0.572  0.303 -0.556]
 [ 0.     0.438 -0.    -0.001 -0.447 -0.04  -0.119  0.     0.   ]
 [-0.     0.465  0.     0.    -0.468 -0.121 -0.043 -0.001  0.   ]
 [ 0.808  0.285  0.025 -0.182  0.142 -0.    -0.     0.01   0.285]
 [ 1.069 -0.878 -0.117 -0.1    0.765  0.     0.     0.02   4.437]] 
----------------------------------------------------------------------------------------
   Fe1   Fe1   (  0,  -1,  -1) 20.0357   ( 2.870,  0.000, -2.870)  4.059 
J_iso: 20.0357 
Orbital contributions:
 isotropic J:
 [[ 0.068  1.702 -0.416 -0.081  0.558  0.095  0.    -0.085  0.   ]
 [ 1.89  -0.101  0.461  0.024 -0.135  0.031  0.     0.033  0.   ]
 [-0.133  0.218  0.466  0.466  4.919  1.085  0.     0.467 -0.   ]
 [ 0.01   0.053 -0.183 -0.036  0.132  0.125 -0.015 -0.028 -0.015]
 [ 0.275  0.072  4.646 -0.067  0.239 -1.053 -0.    -0.085  0.   ]
 [ 0.11  -0.183 -0.928  0.18   0.986  4.435 -0.     0.18  -0.   ]
 [-0.     0.    -0.    -0.016  0.    -0.    -0.035 -0.015 -0.117]
 [ 0.008  0.053 -0.19  -0.026  0.132  0.125 -0.016 -0.036 -0.016]
 [ 0.    -0.     0.    -0.016 -0.    -0.    -0.117 -0.016 -0.047]] 
----------------------------------------------------------------------------------------
   Fe1   Fe1   (  0,   1,   1) 20.0357   (-2.870,  0.000,  2.870)  4.059 
J_iso: 20.0357 
Orbital contributions:
 isotropic J:
 [[ 0.068  1.89  -0.133  0.01   0.275  0.11  -0.     0.008  0.   ]
 [ 1.702 -0.101  0.218  0.053  0.072 -0.183  0.     0.053 -0.   ]
 [-0.416  0.461  0.466 -0.183  4.646 -0.928 -0.    -0.19   0.   ]
 [-0.081  0.024  0.466 -0.036 -0.067  0.18  -0.016 -0.026 -0.016]
 [ 0.558 -0.135  4.919  0.132  0.239  0.986  0.     0.132 -0.   ]
 [ 0.095  0.031  1.085  0.125 -1.053  4.435 -0.     0.125 -0.   ]
 [ 0.     0.     0.    -0.015 -0.    -0.    -0.035 -0.016 -0.117]
 [-0.085  0.033  0.467 -0.028 -0.085  0.18  -0.015 -0.036 -0.016]
 [ 0.     0.    -0.    -0.015  0.    -0.    -0.117 -0.016 -0.047]] 
----------------------------------------------------------------------------------------
   Fe1   Fe1   (  1,  -2,   1)  8.4714   ( 2.870, -2.870,  0.000)  4.059 
J_iso:  8.4714 
Orbital contributions:
 isotropic J:
 [[-0.062 -0.211 -0.376  0.091  0.275  0.    -0.     0.808  1.069]
 [ 0.695  3.399 -0.105 -0.15  -2.021  0.438  0.465  0.285 -0.878]
 [-0.36   0.56   0.034 -0.11  -0.106 -0.     0.     0.025 -0.117]
 [ 0.069 -0.083 -0.155 -0.029  0.259 -0.001  0.    -0.182 -0.1  ]
 [ 0.068 -1.611 -0.254 -0.047  2.547 -0.447 -0.468  0.142  0.765]
 [-0.    -0.53  -0.    -0.     0.541 -0.04  -0.121 -0.     0.   ]
 [-0.001 -0.567 -0.    -0.     0.572 -0.119 -0.043 -0.     0.   ]
 [ 0.121  0.103  0.297  0.016  0.303  0.    -0.001  0.01   0.02 ]
 [-1.126  0.667 -0.061  0.145 -0.556  0.     0.     0.285  4.437]] 
----------------------------------------------------------------------------------------
   Fe1   Fe1   (  1,  -1,   2)  9.2895   ( 0.000, -2.870,  2.870)  4.059 
J_iso:  9.2895 
Orbital contributions:
 isotropic J:
 [[ 2.542 -0.252 -1.479 -0.044  0.083 -0.463  0.778  0.127 -0.465]
 [-0.111  0.046  0.558 -0.084 -0.209 -0.    -0.117  0.069  0.   ]
 [-1.89  -0.103  3.386 -0.141  0.703  0.459 -0.865  0.259  0.466]
 [ 0.263 -0.153 -0.076 -0.031  0.071 -0.001 -0.098 -0.184  0.   ]
 [ 0.276 -0.302 -0.21   0.125  0.173  0.     1.068  0.83  -0.   ]
 [ 0.562  0.    -0.56   0.     0.    -0.052 -0.     0.    -0.119]
 [-0.572 -0.064  0.651  0.146 -1.124 -0.     4.435  0.286 -0.   ]
 [ 0.298  0.291  0.094  0.018  0.118  0.     0.018  0.012 -0.   ]
 [ 0.563  0.001 -0.564  0.     0.001 -0.122 -0.     0.    -0.03 ]] 
----------------------------------------------------------------------------------------
   Fe1   Fe1   (  1,   0,  -1)  8.3052   ( 2.870,  2.870,  0.000)  4.059 
J_iso:  8.3052 
Orbital contributions:
 isotropic J:
 [[-0.105 -0.241 -0.386  0.814  0.228 -0.     0.001  0.084  1.059]
 [ 0.682  3.424 -0.103  0.285 -2.027  0.464  0.454 -0.143 -0.836]
 [-0.399  0.555  0.039  0.025 -0.101  0.    -0.    -0.11  -0.126]
 [ 0.115  0.076  0.292  0.016  0.293  0.001 -0.     0.019  0.019]
 [ 0.04  -1.615 -0.259  0.149  2.578 -0.453 -0.457 -0.045  0.808]
 [ 0.    -0.559  0.     0.001  0.546 -0.042 -0.121  0.    -0.   ]
 [-0.001 -0.545 -0.    -0.     0.549 -0.121 -0.04  -0.    -0.   ]
 [ 0.072 -0.059 -0.151 -0.188  0.266 -0.001  0.    -0.031 -0.098]
 [-1.118  0.623 -0.058  0.29  -0.601 -0.    -0.     0.146  4.437]] 
----------------------------------------------------------------------------------------
   Fe1   Fe1   (  1,   1,   0)  9.2512   ( 0.000,  2.870,  2.870)  4.059 
J_iso:  9.2512 
Orbital contributions:
 isotropic J:
 [[ 2.492 -0.26  -1.407  0.126  0.024 -0.466  0.787 -0.046 -0.448]
 [-0.107  0.039  0.553  0.079 -0.197 -0.001 -0.118 -0.084  0.   ]
 [-1.822 -0.098  3.344  0.269  0.668  0.465 -0.857 -0.152  0.451]
 [ 0.299  0.312  0.088  0.019  0.142  0.001  0.018  0.023 -0.001]
 [ 0.243 -0.304 -0.228  0.849  0.165  0.001  1.069  0.135 -0.   ]
 [ 0.57  -0.    -0.568 -0.001 -0.    -0.03   0.    -0.    -0.114]
 [-0.58  -0.056  0.641  0.288 -1.118  0.     4.433  0.147  0.   ]
 [ 0.261 -0.174 -0.07  -0.193  0.053 -0.001 -0.099 -0.036  0.001]
 [ 0.549  0.    -0.553  0.     0.001 -0.115  0.     0.    -0.052]] 
----------------------------------------------------------------------------------------
   Fe1   Fe1   (  2,  -1,   1) -7.1959   ( 2.870,  0.000,  2.870)  4.059 
J_iso: -7.1959 
Orbital contributions:
 isotropic J:
 [[ 0.367 -0.256 -0.06   0.281 -4.436  0.956  0.     0.271 -0.   ]
 [-0.223 -0.147 -1.627 -0.002 -0.274 -0.189  0.    -0.    -0.   ]
 [-0.359 -1.627 -0.139 -0.001 -0.212 -0.171 -0.    -0.004 -0.   ]
 [ 0.046  0.071  0.069 -0.055  0.053  0.148 -0.015 -0.062 -0.016]
 [-4.491 -0.013 -0.269  0.29   0.479  0.942  0.     0.295 -0.   ]
 [-0.9    0.156  0.136  0.202 -0.886  4.437  0.     0.203 -0.   ]
 [-0.    -0.     0.    -0.017 -0.     0.    -0.048 -0.015 -0.124]
 [ 0.044  0.074  0.078 -0.066  0.036  0.154 -0.016 -0.057 -0.016]
 [ 0.    -0.     0.    -0.015  0.    -0.    -0.122 -0.017 -0.035]] 
----------------------------------------------------------------------------------------
   Fe1   Fe1   ( -2,   0,  -1) -3.0682   (-1.435, -1.435, -4.305)  4.759 
J_iso: -3.0682 
Orbital contributions:
 isotropic J:
 [[ 0.13  -0.251 -0.119  0.061  1.717  0.063  0.669  0.035  0.062]
 [-0.012 -0.09   0.085 -0.076 -1.84  -0.015  0.016  0.333  0.078]
 [-0.142  0.001  0.514 -0.311 -0.844 -0.072  0.137 -0.365 -0.476]
 [ 0.1   -0.091 -0.074 -0.01  -0.601  0.029 -0.014  0.008  0.008]
 [ 1.745 -1.671 -0.491 -0.093  0.939  0.176  0.212  0.189  0.266]
 [ 0.061 -0.031  0.225  0.041 -0.36   0.029 -0.24   0.072  0.424]
 [-0.544 -0.013 -0.232  0.003 -0.325 -0.24   0.043  0.021  0.387]
 [-0.078  0.001 -0.023 -0.002  0.353 -0.03  -0.028 -0.003 -0.15 ]
 [-0.066  0.05   0.473 -0.046 -0.274  0.424  0.387 -0.021 -3.275]] 
----------------------------------------------------------------------------------------
   Fe1   Fe1   ( -2,   1,  -2) -3.2135   (-1.435,  1.435, -4.305)  4.759 
J_iso: -3.2135 
Orbital contributions:
 isotropic J:
 [[ 0.122 -0.265 -0.136  0.034  1.611  0.06   0.67   0.061  0.063]
 [ 0.021 -0.098  0.128  0.34  -1.845 -0.016  0.015 -0.084  0.083]
 [-0.145  0.018  0.462 -0.364 -0.801 -0.072  0.14  -0.311 -0.476]
 [-0.077 -0.005 -0.026 -0.003  0.33  -0.027 -0.028 -0.002 -0.151]
 [ 1.669 -1.679 -0.396  0.196  0.939  0.172  0.211 -0.101  0.27 ]
 [ 0.074 -0.027  0.235  0.073 -0.339  0.049 -0.234  0.042  0.371]
 [-0.543 -0.013 -0.236  0.019 -0.328 -0.233  0.034  0.003  0.402]
 [ 0.099 -0.086 -0.074  0.006 -0.565  0.025 -0.014 -0.009  0.007]
 [-0.068  0.046  0.472 -0.02  -0.274  0.371  0.402 -0.046 -3.346]] 
----------------------------------------------------------------------------------------
   Fe1   Fe1   ( -2,   1,   0) -4.3113   (-4.305, -1.435, -1.435)  4.759 
J_iso: -4.3113 
Orbital contributions:
 isotropic J:
 [[ 0.639 -0.498 -2.06  -0.109  1.737  0.181  0.262  0.2    0.21 ]
 [-0.875  0.515 -0.01  -0.327 -0.133 -0.063 -0.476 -0.345  0.144]
 [-2.228  0.089 -0.33  -0.095 -0.019 -0.013  0.084  0.349  0.015]
 [-0.548 -0.074 -0.086 -0.013  0.099  0.027  0.008  0.01  -0.011]
 [ 1.767 -0.113 -0.235  0.084  0.137  0.082  0.063  0.009  0.663]
 [-0.353  0.226 -0.031  0.042  0.054  0.026  0.412  0.072 -0.239]
 [-0.268  0.471  0.043 -0.046 -0.067  0.412 -3.28  -0.021  0.394]
 [ 0.317 -0.025 -0.008 -0.002 -0.075 -0.029 -0.148 -0.003 -0.027]
 [-0.319 -0.239 -0.009  0.002 -0.536 -0.239  0.394  0.022  0.048]] 
----------------------------------------------------------------------------------------
   Fe1   Fe1   ( -2,   2,  -1) -3.3210   (-4.305,  1.435, -1.435)  4.759 
J_iso: -3.3210 
Orbital contributions:
 isotropic J:
 [[ 0.903 -0.411 -1.751  0.186  1.657  0.169  0.266 -0.094  0.21 ]
 [-0.807  0.526  0.019 -0.345 -0.132 -0.067 -0.477 -0.326  0.146]
 [-1.921  0.121 -0.154  0.34   0.013 -0.017  0.087 -0.086  0.013]
 [ 0.34  -0.023 -0.003 -0.003 -0.063 -0.026 -0.148 -0.002 -0.026]
 [ 1.629 -0.11  -0.254  0.011  0.14   0.063  0.063  0.083  0.659]
 [-0.346  0.217 -0.03   0.073  0.056  0.054  0.38   0.042 -0.236]
 [-0.272  0.468  0.042 -0.021 -0.066  0.38  -3.315 -0.045  0.405]
 [-0.575 -0.068 -0.091  0.011  0.089  0.024  0.009 -0.014 -0.01 ]
 [-0.321 -0.243 -0.007  0.021 -0.533 -0.237  0.405  0.001  0.036]] 
----------------------------------------------------------------------------------------
   Fe1   Fe1   ( -1,  -1,  -1) -6.5519   ( 1.435, -1.435, -4.305)  4.759 
J_iso: -6.5519 
Orbital contributions:
 isotropic J:
 [[ 0.13  -0.029 -0.447  0.361  0.772  0.331 -0.203  0.174  0.518]
 [-0.143 -0.412 -0.077  0.011 -1.01  -0.002 -0.019  0.308  0.024]
 [-0.5    0.071 -0.246 -0.105 -1.398  0.257 -0.492 -0.014 -0.075]
 [-0.007 -0.05  -0.063 -0.019 -0.158 -0.019  0.076  0.054  0.054]
 [ 0.303 -1.817 -1.134 -0.156  0.644  0.191  0.211  0.393  0.246]
 [-0.238 -0.028 -0.078  0.032 -0.338  0.038 -0.242  0.061  0.417]
 [ 0.162 -0.014  0.366 -0.046 -0.214 -0.242  0.038  0.023  0.399]
 [ 0.024 -0.008  0.092  0.006 -0.03  -0.     0.053 -0.009 -0.225]
 [-0.536  0.023  0.034  0.059 -0.22   0.416  0.4    0.006 -3.262]] 
----------------------------------------------------------------------------------------
   Fe1   Fe1   ( -1,  -1,   1) -5.7527   (-1.435, -4.305, -1.435)  4.759 
J_iso: -5.7527 
Orbital contributions:
 isotropic J:
 [[-0.361 -0.929 -0.402  0.085  0.798  0.045  0.567  0.359 -0.192]
 [-0.782  0.256  0.149 -0.053 -0.594 -0.434 -0.298 -0.075  0.209]
 [-0.562  0.142  0.311 -0.055 -0.817 -0.435  0.194 -0.073 -0.291]
 [ 0.024  0.172  0.137  0.008 -0.007 -0.002 -0.012  0.167 -0.014]
 [ 0.778 -0.475 -0.907  0.081 -0.317  0.045 -0.203  0.366  0.553]
 [-0.051  0.43   0.429 -0.001 -0.052 -3.359  0.39  -0.038  0.375]
 [-0.429  0.263 -0.183 -0.006  0.052  0.389  0.048 -0.23  -0.233]
 [-0.12   0.118  0.094 -0.103 -0.118  0.03   0.03  -0.321  0.03 ]
 [ 0.051 -0.194  0.265 -0.001 -0.418  0.376 -0.233 -0.233  0.046]] 
----------------------------------------------------------------------------------------
   Fe1   Fe1   ( -1,   0,  -2) -6.7015   ( 1.435,  1.435, -4.305)  4.759 
J_iso: -6.7015 
Orbital contributions:
 isotropic J:
 [[ 0.159 -0.026 -0.439  0.174  0.769  0.342 -0.205  0.362  0.509]
 [-0.202 -0.414 -0.092  0.321 -1.021 -0.005 -0.018  0.001  0.029]
 [-0.478  0.072 -0.248 -0.015 -1.406  0.244 -0.489 -0.106 -0.076]
 [ 0.021 -0.009  0.096 -0.009 -0.031  0.003  0.053  0.006 -0.224]
 [ 0.216 -1.824 -1.066  0.397  0.636  0.186  0.212 -0.161  0.25 ]
 [-0.247 -0.022 -0.052  0.06  -0.325  0.042 -0.235  0.034  0.378]
 [ 0.163 -0.014  0.362  0.026 -0.211 -0.235  0.046 -0.045  0.4  ]
 [-0.006 -0.05  -0.066  0.053 -0.154 -0.025  0.075 -0.019  0.053]
 [-0.53   0.018  0.037  0.002 -0.218  0.378  0.4    0.061 -3.334]] 
----------------------------------------------------------------------------------------
   Fe1   Fe1   ( -1,   1,   1) -6.8602   (-4.305, -1.435,  1.435)  4.759 
J_iso: -6.8602 
Orbital contributions:
 isotropic J:
 [[ 0.592 -1.099 -1.889 -0.169  0.237  0.187  0.242  0.401  0.213]
 [-1.472 -0.243  0.074 -0.128 -0.458  0.245 -0.076  0.008 -0.48 ]
 [-1.102 -0.095 -0.473 -0.006 -0.189 -0.003  0.026  0.325 -0.017]
 [-0.126 -0.074 -0.046 -0.011 -0.003 -0.02   0.053  0.046  0.072]
 [ 0.799 -0.425 -0.009  0.386  0.181  0.322  0.516  0.151 -0.215]
 [-0.33  -0.06  -0.025  0.032 -0.223  0.04   0.406  0.06  -0.237]
 [-0.217  0.036  0.019  0.061 -0.536  0.406 -3.298  0.002  0.396]
 [-0.043  0.103 -0.014  0.003  0.022 -0.001 -0.223 -0.006  0.051]
 [-0.215  0.361 -0.016 -0.048  0.171 -0.238  0.397  0.025  0.031]] 
----------------------------------------------------------------------------------------
   Fe1   Fe1   ( -1,   2,  -2) -5.6611   (-1.435,  4.305, -1.435)  4.759 
J_iso: -5.6611 
Orbital contributions:
 isotropic J:
 [[-0.349 -0.937 -0.421  0.36   0.813  0.043  0.559  0.085 -0.194]
 [-0.806  0.258  0.146 -0.082 -0.592 -0.452 -0.284 -0.048  0.202]
 [-0.574  0.14   0.3   -0.072 -0.831 -0.446  0.199 -0.055 -0.287]
 [-0.119  0.112  0.094 -0.325 -0.119  0.028  0.03  -0.101  0.029]
 [ 0.796 -0.471 -0.916  0.367 -0.319  0.043 -0.192  0.082  0.552]
 [-0.05   0.447  0.433 -0.038 -0.051 -3.255  0.405 -0.004  0.417]
 [-0.424  0.254 -0.185 -0.233  0.054  0.405  0.034 -0.005 -0.242]
 [ 0.022  0.166  0.14   0.168 -0.001 -0.002 -0.012  0.01  -0.014]
 [ 0.044 -0.187  0.244 -0.236 -0.418  0.417 -0.242 -0.003  0.034]] 
----------------------------------------------------------------------------------------
   Fe1   Fe1   ( -1,   2,   0) -7.6227   (-4.305,  1.435,  1.435)  4.759 
J_iso: -7.6227 
Orbital contributions:
 isotropic J:
 [[ 0.374 -1.091 -2.069  0.386  0.216  0.189  0.246 -0.152  0.209]
 [-1.309 -0.243  0.093  0.016 -0.466  0.241 -0.076 -0.132 -0.489]
 [-1.316 -0.093 -0.581  0.307 -0.193 -0.005  0.028  0.012 -0.017]
 [-0.037  0.095 -0.012 -0.007  0.023  0.002 -0.223  0.004  0.051]
 [ 0.73  -0.428 -0.044  0.144  0.173  0.341  0.505  0.39  -0.208]
 [-0.338 -0.059 -0.026  0.061 -0.252  0.04   0.39   0.034 -0.235]
 [-0.218  0.036  0.015  0.001 -0.53   0.39  -3.326  0.06   0.393]
 [-0.139 -0.068 -0.049  0.047 -0.006 -0.023  0.053 -0.012  0.074]
 [-0.213  0.362 -0.018  0.032  0.167 -0.235  0.392 -0.05   0.045]] 
----------------------------------------------------------------------------------------
   Fe1   Fe1   (  0,  -2,   1) -0.9931   ( 1.435, -4.305, -1.435)  4.759 
J_iso: -0.9931 
Orbital contributions:
 isotropic J:
 [[ 0.338 -0.037 -0.02   0.011  0.99   0.544 -0.143  0.175  0.118]
 [ 0.101  0.205  0.861  0.016 -0.252 -0.503 -0.219  0.034  0.242]
 [-0.101  0.993  0.241 -0.108 -1.111 -0.095 -0.598 -0.47  -0.012]
 [-0.041  0.045 -0.001 -0.037 -0.154 -0.026 -0.025 -0.024 -0.002]
 [ 0.718 -0.295 -0.756  0.013  0.014  0.09  -0.124  0.162  0.502]
 [-0.569  0.534  0.053 -0.032 -0.029 -3.321  0.413  0.019  0.374]
 [ 0.212  0.222  0.478  0.001  0.076  0.412  0.032 -0.112 -0.236]
 [-0.002  0.004  0.123 -0.04   0.155 -0.024 -0.007 -0.092  0.041]
 [-0.207 -0.207 -0.065  0.006 -0.43   0.374 -0.235 -0.219  0.046]] 
----------------------------------------------------------------------------------------
   Fe1   Fe1   (  0,  -1,   2) -0.9673   (-1.435, -4.305,  1.435)  4.759 
J_iso: -0.9673 
Orbital contributions:
 isotropic J:
 [[-0.004 -0.763 -0.278  0.011  0.723  0.089  0.505  0.151 -0.132]
 [-1.099  0.243  0.995 -0.114 -0.1   -0.094 -0.016 -0.451 -0.595]
 [-0.253  0.87   0.249  0.014  0.1   -0.516  0.235  0.041 -0.222]
 [-0.11  -0.018 -0.002 -0.04  -0.017 -0.026 -0.001 -0.021 -0.024]
 [ 0.972 -0.012 -0.036  0.013  0.289  0.552  0.115  0.169 -0.15 ]
 [-0.027  0.05   0.538 -0.033 -0.57  -3.281  0.38   0.018  0.422]
 [-0.43  -0.079 -0.2   -0.001 -0.212  0.381  0.045 -0.213 -0.24 ]
 [ 0.15   0.136 -0.013 -0.044  0.005 -0.025  0.041 -0.088 -0.007]
 [ 0.07   0.476  0.214  0.001  0.219  0.422 -0.239 -0.114  0.035]] 
----------------------------------------------------------------------------------------
   Fe1   Fe1   (  0,   1,  -2) -0.9673   ( 1.435,  4.305, -1.435)  4.759 
J_iso: -0.9673 
Orbital contributions:
 isotropic J:
 [[-0.004 -1.099 -0.253 -0.11   0.972 -0.027 -0.43   0.15   0.07 ]
 [-0.763  0.243  0.87  -0.018 -0.012  0.05  -0.079  0.136  0.476]
 [-0.278  0.995  0.249 -0.002 -0.036  0.538 -0.2   -0.013  0.214]
 [ 0.011 -0.114  0.014 -0.04   0.013 -0.033 -0.001 -0.044  0.001]
 [ 0.723 -0.1    0.1   -0.017  0.289 -0.57  -0.212  0.005  0.219]
 [ 0.089 -0.094 -0.516 -0.026  0.552 -3.281  0.381 -0.025  0.422]
 [ 0.505 -0.016  0.235 -0.001  0.115  0.38   0.045  0.041 -0.239]
 [ 0.151 -0.451  0.041 -0.021  0.169  0.018 -0.213 -0.088 -0.114]
 [-0.132 -0.595 -0.222 -0.024 -0.15   0.422 -0.24  -0.007  0.035]] 
----------------------------------------------------------------------------------------
   Fe1   Fe1   (  0,   2,  -1) -0.9931   (-1.435,  4.305,  1.435)  4.759 
J_iso: -0.9931 
Orbital contributions:
 isotropic J:
 [[ 0.338  0.101 -0.101 -0.041  0.718 -0.569  0.212 -0.002 -0.207]
 [-0.037  0.205  0.993  0.045 -0.295  0.534  0.222  0.004 -0.207]
 [-0.02   0.861  0.241 -0.001 -0.756  0.053  0.478  0.123 -0.065]
 [ 0.011  0.016 -0.108 -0.037  0.013 -0.032  0.001 -0.04   0.006]
 [ 0.99  -0.252 -1.111 -0.154  0.014 -0.029  0.076  0.155 -0.43 ]
 [ 0.544 -0.503 -0.095 -0.026  0.09  -3.321  0.412 -0.024  0.374]
 [-0.143 -0.219 -0.598 -0.025 -0.124  0.413  0.032 -0.007 -0.235]
 [ 0.175  0.034 -0.47  -0.024  0.162  0.019 -0.112 -0.092 -0.219]
 [ 0.118  0.242 -0.012 -0.002  0.502  0.374 -0.236  0.041  0.046]] 
----------------------------------------------------------------------------------------
   Fe1   Fe1   (  1,  -2,   0) -7.6227   ( 4.305, -1.435, -1.435)  4.759 
J_iso: -7.6227 
Orbital contributions:
 isotropic J:
 [[ 0.374 -1.309 -1.316 -0.037  0.73  -0.338 -0.218 -0.139 -0.213]
 [-1.091 -0.243 -0.093  0.095 -0.428 -0.059  0.036 -0.068  0.362]
 [-2.069  0.093 -0.581 -0.012 -0.044 -0.026  0.015 -0.049 -0.018]
 [ 0.386  0.016  0.307 -0.007  0.144  0.061  0.001  0.047  0.032]
 [ 0.216 -0.466 -0.193  0.023  0.173 -0.252 -0.53  -0.006  0.167]
 [ 0.189  0.241 -0.005  0.002  0.341  0.04   0.39  -0.023 -0.235]
 [ 0.246 -0.076  0.028 -0.223  0.505  0.39  -3.326  0.053  0.392]
 [-0.152 -0.132  0.012  0.004  0.39   0.034  0.06  -0.012 -0.05 ]
 [ 0.209 -0.489 -0.017  0.051 -0.208 -0.235  0.393  0.074  0.045]] 
----------------------------------------------------------------------------------------
   Fe1   Fe1   (  1,  -2,   2) -5.6611   ( 1.435, -4.305,  1.435)  4.759 
J_iso: -5.6611 
Orbital contributions:
 isotropic J:
 [[-0.349 -0.806 -0.574 -0.119  0.796 -0.05  -0.424  0.022  0.044]
 [-0.937  0.258  0.14   0.112 -0.471  0.447  0.254  0.166 -0.187]
 [-0.421  0.146  0.3    0.094 -0.916  0.433 -0.185  0.14   0.244]
 [ 0.36  -0.082 -0.072 -0.325  0.367 -0.038 -0.233  0.168 -0.236]
 [ 0.813 -0.592 -0.831 -0.119 -0.319 -0.051  0.054 -0.001 -0.418]
 [ 0.043 -0.452 -0.446  0.028  0.043 -3.255  0.405 -0.002  0.417]
 [ 0.559 -0.284  0.199  0.03  -0.192  0.405  0.034 -0.012 -0.242]
 [ 0.085 -0.048 -0.055 -0.101  0.082 -0.004 -0.005  0.01  -0.003]
 [-0.194  0.202 -0.287  0.029  0.552  0.417 -0.242 -0.014  0.034]] 
----------------------------------------------------------------------------------------
   Fe1   Fe1   (  1,  -1,  -1) -6.8602   ( 4.305,  1.435, -1.435)  4.759 
J_iso: -6.8602 
Orbital contributions:
 isotropic J:
 [[ 0.592 -1.472 -1.102 -0.126  0.799 -0.33  -0.217 -0.043 -0.215]
 [-1.099 -0.243 -0.095 -0.074 -0.425 -0.06   0.036  0.103  0.361]
 [-1.889  0.074 -0.473 -0.046 -0.009 -0.025  0.019 -0.014 -0.016]
 [-0.169 -0.128 -0.006 -0.011  0.386  0.032  0.061  0.003 -0.048]
 [ 0.237 -0.458 -0.189 -0.003  0.181 -0.223 -0.536  0.022  0.171]
 [ 0.187  0.245 -0.003 -0.02   0.322  0.04   0.406 -0.001 -0.238]
 [ 0.242 -0.076  0.026  0.053  0.516  0.406 -3.298 -0.223  0.397]
 [ 0.401  0.008  0.325  0.046  0.151  0.06   0.002 -0.006  0.025]
 [ 0.213 -0.48  -0.017  0.072 -0.215 -0.237  0.396  0.051  0.031]] 
----------------------------------------------------------------------------------------
   Fe1   Fe1   (  1,   0,   2) -6.7015   (-1.435, -1.435,  4.305)  4.759 
J_iso: -6.7015 
Orbital contributions:
 isotropic J:
 [[ 0.159 -0.202 -0.478  0.021  0.216 -0.247  0.163 -0.006 -0.53 ]
 [-0.026 -0.414  0.072 -0.009 -1.824 -0.022 -0.014 -0.05   0.018]
 [-0.439 -0.092 -0.248  0.096 -1.066 -0.052  0.362 -0.066  0.037]
 [ 0.174  0.321 -0.015 -0.009  0.397  0.06   0.026  0.053  0.002]
 [ 0.769 -1.021 -1.406 -0.031  0.636 -0.325 -0.211 -0.154 -0.218]
 [ 0.342 -0.005  0.244  0.003  0.186  0.042 -0.235 -0.025  0.378]
 [-0.205 -0.018 -0.489  0.053  0.212 -0.235  0.046  0.075  0.4  ]
 [ 0.362  0.001 -0.106  0.006 -0.161  0.034 -0.045 -0.019  0.061]
 [ 0.509  0.029 -0.076 -0.224  0.25   0.378  0.4    0.053 -3.334]] 
----------------------------------------------------------------------------------------
   Fe1   Fe1   (  1,   1,  -1) -5.7527   ( 1.435,  4.305,  1.435)  4.759 
J_iso: -5.7527 
Orbital contributions:
 isotropic J:
 [[-0.361 -0.782 -0.562  0.024  0.778 -0.051 -0.429 -0.12   0.051]
 [-0.929  0.256  0.142  0.172 -0.475  0.43   0.263  0.118 -0.194]
 [-0.402  0.149  0.311  0.137 -0.907  0.429 -0.183  0.094  0.265]
 [ 0.085 -0.053 -0.055  0.008  0.081 -0.001 -0.006 -0.103 -0.001]
 [ 0.798 -0.594 -0.817 -0.007 -0.317 -0.052  0.052 -0.118 -0.418]
 [ 0.045 -0.434 -0.435 -0.002  0.045 -3.359  0.389  0.03   0.376]
 [ 0.567 -0.298  0.194 -0.012 -0.203  0.39   0.048  0.03  -0.233]
 [ 0.359 -0.075 -0.073  0.167  0.366 -0.038 -0.23  -0.321 -0.233]
 [-0.192  0.209 -0.291 -0.014  0.553  0.375 -0.233  0.03   0.046]] 
----------------------------------------------------------------------------------------
   Fe1   Fe1   (  1,   1,   1) -6.5519   (-1.435,  1.435,  4.305)  4.759 
J_iso: -6.5519 
Orbital contributions:
 isotropic J:
 [[ 0.13  -0.143 -0.5   -0.007  0.303 -0.238  0.162  0.024 -0.536]
 [-0.029 -0.412  0.071 -0.05  -1.817 -0.028 -0.014 -0.008  0.023]
 [-0.447 -0.077 -0.246 -0.063 -1.134 -0.078  0.366  0.092  0.034]
 [ 0.361  0.011 -0.105 -0.019 -0.156  0.032 -0.046  0.006  0.059]
 [ 0.772 -1.01  -1.398 -0.158  0.644 -0.338 -0.214 -0.03  -0.22 ]
 [ 0.331 -0.002  0.257 -0.019  0.191  0.038 -0.242 -0.     0.416]
 [-0.203 -0.019 -0.492  0.076  0.211 -0.242  0.038  0.053  0.4  ]
 [ 0.174  0.308 -0.014  0.054  0.393  0.061  0.023 -0.009  0.006]
 [ 0.518  0.024 -0.075  0.054  0.246  0.417  0.399 -0.225 -3.262]] 
----------------------------------------------------------------------------------------
